100 0.010101
0.000000 0.204966
0.010101 0.199009
0.020202 0.195727
0.030303 0.199503
0.040404 0.209664
0.050505 0.228128
0.060606 0.253960
0.070707 0.275631
0.080808 0.282801
0.090909 0.281640
0.101010 0.276153
0.111111 0.268215
0.121212 0.242361
0.131313 0.231055
0.141414 0.231856
0.151515 0.228213
0.161616 0.223018
0.171717 0.216279
0.181818 0.208864
0.191919 0.204996
0.202020 0.206475
0.212121 0.211584
0.222222 0.220309
0.232323 0.232762
0.242424 0.249365
0.252525 0.267567
0.262626 0.285993
0.272727 0.306370
0.282828 0.327362
0.292929 0.348033
0.303030 0.370250
0.313131 0.390359
0.323232 0.403498
0.333333 0.408186
0.343434 0.403163
0.353535 0.394256
0.363636 0.381056
0.373737 0.365945
0.383838 0.352736
0.393939 0.345243
0.404040 0.347838
0.414141 0.360874
0.424242 0.377701
0.434343 0.391432
0.444444 0.404412
0.454545 0.415365
0.464646 0.419280
0.474747 0.404755
0.484848 0.381497
0.494949 0.350504
0.505051 0.338238
0.515152 0.331590
0.525252 0.326968
0.535354 0.325025
0.545455 0.326298
0.555556 0.325128
0.565657 0.321267
0.575758 0.317611
0.585859 0.317111
0.595960 0.320288
0.606061 0.324371
0.616162 0.326182
0.626263 0.324614
0.636364 0.358969
0.646465 0.388447
0.656566 0.403353
0.666667 0.403061
0.676768 0.400634
0.686869 0.398373
0.696970 0.397909
0.707071 0.412432
0.717172 0.447404
0.727273 0.486168
0.737374 0.552168
0.747475 0.626699
0.757576 0.717256
0.767677 0.799351
0.777778 0.899863
0.787879 1.044871
0.797980 1.353848
0.808081 1.565578
0.818182 1.752907
0.828283 1.805155
0.838384 1.937013
0.848485 2.259620
0.858586 2.428429
0.868687 2.639200
0.878788 2.833115
0.888889 3.253774
0.898990 3.667236
0.909091 3.917869
0.919192 4.309074
0.929293 4.472113
0.939394 4.636424
0.949495 4.802662
0.959596 4.962156
0.969697 5.110564
0.979798 5.282582
0.989899 5.426227
1.000000 5.478190
