100 5.606061
7.000000 22.000000
12.606060 21.360586
18.212120 21.008295
23.818182 21.413574
29.424242 22.504189
35.030304 24.486080
40.636364 27.258745
46.242424 29.584789
51.848484 30.354408
57.454544 30.229723
63.060604 29.640759
68.666664 28.788803
74.272728 26.013720
79.878784 24.800200
85.484848 24.886162
91.090904 24.495134
96.696968 23.937567
102.303032 23.214237
107.909088 22.418402
113.515152 22.003216
119.121208 22.161894
124.727272 22.710335
130.333328 23.646776
135.939392 24.983473
141.545456 26.765554
147.151520 28.719254
152.757568 30.696968
158.363632 32.884109
163.969696 35.137280
169.575760 37.356003
175.181808 39.740627
180.787872 41.899063
186.393936 43.309322
192.000000 43.812500
197.606064 43.273426
203.212112 42.317394
208.818176 40.900539
214.424240 39.278568
220.030304 37.860806
225.636353 37.056576
231.242416 37.335144
236.848480 38.734322
242.454544 40.540421
248.060608 42.014278
253.666656 43.407406
259.272736 44.583042
264.878784 45.003262
270.484833 43.444214
276.090912 40.947887
281.696960 37.621296
287.303040 36.304710
292.909088 35.591095
298.515137 35.094975
304.121216 34.886440
309.727264 35.023052
315.333313 34.897575
320.939392 34.483063
326.545441 34.090649
332.151520 34.037003
337.757568 34.378052
343.363617 34.816219
348.969696 35.010651
354.575745 34.842350
360.181824 38.529797
365.787872 41.693897
371.393921 43.293789
377.000000 43.262390
382.606049 43.001923
388.212128 42.759254
393.818176 42.709438
399.424225 44.268230
405.030304 48.022015
410.636353 52.182705
416.242432 59.266754
421.848480 67.266594
427.454529 76.986465
433.060608 85.798065
438.666656 96.586502
444.272705 112.150978
449.878784 145.314911
455.484833 168.040817
461.090912 188.147736
466.696960 193.755798
472.303009 207.908768
477.909088 242.535660
483.515137 260.654755
489.121216 283.277771
494.727264 304.091583
500.333313 349.242950
505.939392 393.621765
511.545441 420.523346
517.151489 462.513184
522.757568 480.013031
528.363647 497.649261
533.969666 515.492371
539.575745 532.611572
545.181824 548.540894
550.787842 567.004395
556.393921 582.422546
562.000000 588.000000
