500 0.002004
0.000000 0.167927
0.002004 0.167639
0.004008 0.167122
0.006012 0.166895
0.008016 0.167478
0.010020 0.170927
0.012024 0.177433
0.014028 0.181992
0.016032 0.182641
0.018036 0.182925
0.020040 0.182932
0.022044 0.182751
0.024048 0.182471
0.026052 0.182182
0.028056 0.181972
0.030060 0.181921
0.032064 0.181921
0.034068 0.181921
0.036072 0.181921
0.038076 0.181921
0.040080 0.181921
0.042084 0.181920
0.044088 0.181900
0.046092 0.181858
0.048096 0.181800
0.050100 0.181731
0.052104 0.181657
0.054108 0.181583
0.056112 0.181516
0.058116 0.181459
0.060120 0.181420
0.062124 0.181403
0.064128 0.181414
0.066132 0.181459
0.068136 0.181543
0.070140 0.181672
0.072144 0.181851
0.074148 0.182148
0.076152 0.182588
0.078156 0.183132
0.080160 0.183756
0.082164 0.184435
0.084168 0.185148
0.086172 0.185869
0.088176 0.186575
0.090180 0.187243
0.092184 0.187849
0.094188 0.188370
0.096192 0.188780
0.098196 0.189160
0.100200 0.188845
0.102204 0.188257
0.104208 0.188174
0.106212 0.189381
0.108216 0.192342
0.110220 0.196254
0.112224 0.200079
0.114228 0.202778
0.116232 0.203260
0.118236 0.203127
0.120240 0.204805
0.122244 0.207048
0.124248 0.209349
0.126253 0.210844
0.128257 0.211703
0.130261 0.212788
0.132265 0.214880
0.134269 0.217689
0.136273 0.219857
0.138277 0.222343
0.140281 0.225098
0.142285 0.228073
0.144289 0.231220
0.146293 0.234490
0.148297 0.237834
0.150301 0.241203
0.152305 0.244549
0.154309 0.252935
0.156313 0.262252
0.158317 0.272906
0.160321 0.284514
0.162325 0.295632
0.164329 0.307870
0.166333 0.321748
0.168337 0.337234
0.170341 0.350526
0.172345 0.365287
0.174349 0.380949
0.176353 0.396944
0.178357 0.412704
0.180361 0.428002
0.182365 0.447389
0.184369 0.466004
0.186373 0.484886
0.188377 0.505073
0.190381 0.523702
0.192385 0.540668
0.194389 0.558422
0.196393 0.578616
0.198397 0.602905
0.200401 0.632919
0.202405 0.668774
0.204409 0.708626
0.206413 0.750521
0.208417 0.792507
0.210421 0.848141
0.212425 0.935778
0.214429 1.013806
0.216433 1.102092
0.218437 1.149324
0.220441 1.190599
0.222445 1.236720
0.224449 1.283902
0.226453 1.328362
0.228457 1.366314
0.230461 1.425455
0.232465 1.473517
0.234469 1.517907
0.236473 1.557451
0.238477 1.590625
0.240481 1.610086
0.242485 1.631263
0.244489 1.653778
0.246493 1.677251
0.248497 1.701305
0.250501 1.727823
0.252505 1.758892
0.254509 1.791396
0.256513 1.823833
0.258517 1.854700
0.260521 1.880713
0.262525 1.899524
0.264529 1.916935
0.266533 1.933455
0.268537 1.949590
0.270541 1.965847
0.272545 1.982735
0.274549 2.000724
0.276553 2.019676
0.278557 2.039222
0.280561 2.059043
0.282565 2.078822
0.284569 2.098244
0.286573 2.116990
0.288577 2.135817
0.290581 2.154703
0.292585 2.172688
0.294589 2.190339
0.296593 2.208226
0.298597 2.226915
0.300601 2.245957
0.302605 2.264657
0.304609 2.284144
0.306613 2.304040
0.308617 2.323963
0.310621 2.343534
0.312625 2.362371
0.314629 2.381347
0.316633 2.400883
0.318637 2.419794
0.320641 2.438175
0.322645 2.456120
0.324649 2.473724
0.326653 2.493847
0.328657 2.516989
0.330661 2.539369
0.332665 2.561505
0.334669 2.583327
0.336673 2.598954
0.338677 2.614056
0.340681 2.629198
0.342685 2.644949
0.344689 2.661876
0.346693 2.680331
0.348697 2.694475
0.350701 2.709300
0.352705 2.724740
0.354709 2.740733
0.356713 2.757211
0.358717 2.774112
0.360721 2.791369
0.362725 2.808917
0.364729 2.826775
0.366733 2.845596
0.368737 2.865276
0.370741 2.885492
0.372745 2.905917
0.374749 2.926228
0.376753 2.946100
0.378757 2.965209
0.380762 2.983229
0.382766 3.003316
0.384770 3.023985
0.386774 3.043922
0.388778 3.062871
0.390782 3.080580
0.392786 3.096795
0.394790 3.111262
0.396794 3.131464
0.398798 3.146326
0.400802 3.159408
0.402806 3.172951
0.404810 3.182505
0.406814 3.192470
0.408818 3.202721
0.410822 3.213131
0.412826 3.223572
0.414830 3.233918
0.416834 3.244181
0.418838 3.255151
0.420842 3.266558
0.422846 3.277896
0.424850 3.288657
0.426854 3.298333
0.428858 3.306419
0.430862 3.316104
0.432866 3.327187
0.434870 3.331328
0.436874 3.322823
0.438878 3.308161
0.440882 3.287503
0.442886 3.262052
0.444890 3.233010
0.446894 3.201579
0.448898 3.175034
0.450902 3.151249
0.452906 3.125733
0.454910 3.094512
0.456914 3.053612
0.458918 2.999060
0.460922 2.953756
0.462926 2.906902
0.464930 2.854851
0.466934 2.798634
0.468938 2.739284
0.470942 2.677835
0.472946 2.615320
0.474950 2.552771
0.476954 2.491222
0.478958 2.431705
0.480962 2.379733
0.482966 2.333316
0.484970 2.285805
0.486974 2.237594
0.488978 2.189080
0.490982 2.140654
0.492986 2.092712
0.494990 2.045648
0.496994 1.999856
0.498998 1.955731
0.501002 1.913666
0.503006 1.874056
0.505010 1.837295
0.507014 1.793852
0.509018 1.746326
0.511022 1.705598
0.513026 1.669931
0.515030 1.637590
0.517034 1.606837
0.519038 1.575938
0.521042 1.543156
0.523046 1.500735
0.525050 1.454825
0.527054 1.409301
0.529058 1.364731
0.531062 1.321683
0.533066 1.280725
0.535070 1.247632
0.537074 1.219301
0.539078 1.192266
0.541082 1.166259
0.543086 1.141014
0.545090 1.116263
0.547094 1.091739
0.549098 1.067174
0.551102 1.047992
0.553106 1.030344
0.555110 1.013162
0.557114 0.996278
0.559118 0.979522
0.561122 0.962726
0.563126 0.945719
0.565130 0.928334
0.567134 0.910402
0.569138 0.891753
0.571142 0.875321
0.573146 0.861435
0.575150 0.846817
0.577154 0.831619
0.579158 0.815989
0.581162 0.800079
0.583166 0.784039
0.585170 0.768019
0.587174 0.752169
0.589178 0.736640
0.591182 0.721581
0.593186 0.707143
0.595190 0.693477
0.597194 0.680732
0.599198 0.669058
0.601202 0.658607
0.603206 0.649052
0.605210 0.640862
0.607214 0.633905
0.609218 0.627997
0.611222 0.622952
0.613226 0.618586
0.615230 0.614713
0.617234 0.611148
0.619238 0.607708
0.621242 0.604205
0.623246 0.600457
0.625250 0.596277
0.627254 0.591480
0.629258 0.585883
0.631263 0.580008
0.633267 0.576289
0.635271 0.572352
0.637275 0.568216
0.639279 0.563901
0.641283 0.559425
0.643287 0.554807
0.645291 0.550066
0.647295 0.545221
0.649299 0.540291
0.651303 0.535296
0.653307 0.530253
0.655311 0.525182
0.657315 0.520103
0.659319 0.515033
0.661323 0.509992
0.663327 0.504999
0.665331 0.500073
0.667335 0.495232
0.669339 0.490496
0.671343 0.485884
0.673347 0.481415
0.675351 0.477107
0.677355 0.472979
0.679359 0.469052
0.681363 0.465342
0.683367 0.461871
0.685371 0.458655
0.687375 0.455715
0.689379 0.448940
0.691383 0.442580
0.693387 0.438499
0.695391 0.435982
0.697395 0.434319
0.699399 0.432795
0.701403 0.430701
0.703407 0.427322
0.705411 0.422671
0.707415 0.417626
0.709419 0.412286
0.711423 0.406741
0.713427 0.401081
0.715431 0.395393
0.717435 0.389766
0.719439 0.384388
0.721443 0.379975
0.723447 0.375562
0.725451 0.371149
0.727455 0.366736
0.729459 0.362323
0.731463 0.357910
0.733467 0.353497
0.735471 0.349084
0.737475 0.344671
0.739479 0.340233
0.741483 0.335682
0.743487 0.331055
0.745491 0.326399
0.747495 0.321763
0.749499 0.317196
0.751503 0.312747
0.753507 0.308465
0.755511 0.304398
0.757515 0.300496
0.759519 0.296174
0.761523 0.292769
0.763527 0.289775
0.765531 0.286682
0.767535 0.282986
0.769539 0.278178
0.771543 0.272129
0.773547 0.266625
0.775551 0.260125
0.777555 0.252893
0.779559 0.245191
0.781563 0.237283
0.783567 0.229430
0.785571 0.221898
0.787575 0.214947
0.789579 0.208841
0.791583 0.203844
0.793587 0.200157
0.795591 0.197646
0.797595 0.196065
0.799599 0.195170
0.801603 0.194717
0.803607 0.194462
0.805611 0.194160
0.807615 0.193568
0.809619 0.192441
0.811623 0.190535
0.813627 0.188288
0.815631 0.186535
0.817635 0.184546
0.819639 0.182348
0.821643 0.179969
0.823647 0.177439
0.825651 0.174784
0.827655 0.172033
0.829659 0.169215
0.831663 0.166358
0.833667 0.163489
0.835671 0.160637
0.837675 0.157830
0.839679 0.155097
0.841683 0.152464
0.843687 0.149962
0.845691 0.147617
0.847695 0.145458
0.849699 0.143513
0.851703 0.141810
0.853707 0.140377
0.855711 0.136918
0.857715 0.136735
0.859719 0.138901
0.861723 0.139939
0.863727 0.139939
0.865731 0.139939
0.867735 0.139939
0.869739 0.139939
0.871743 0.140050
0.873747 0.140308
0.875751 0.140457
0.877755 0.140237
0.879759 0.139740
0.881763 0.139279
0.883767 0.138716
0.885771 0.138072
0.887775 0.137364
0.889779 0.136612
0.891784 0.135833
0.893788 0.135048
0.895792 0.134273
0.897796 0.133530
0.899800 0.132834
0.901804 0.132121
0.903808 0.131366
0.905812 0.130586
0.907816 0.129801
0.909820 0.129029
0.911824 0.128288
0.913828 0.127599
0.915832 0.126978
0.917836 0.126447
0.919840 0.126022
0.921844 0.125471
0.923848 0.125521
0.925852 0.125837
0.927856 0.125973
0.929860 0.126261
0.931864 0.126463
0.933868 0.126073
0.935872 0.125573
0.937876 0.125018
0.939880 0.124354
0.941884 0.123605
0.943888 0.122795
0.945892 0.121950
0.947896 0.121093
0.949900 0.120249
0.951904 0.119441
0.953908 0.118272
0.955912 0.116542
0.957916 0.114712
0.959920 0.112276
0.961924 0.110800
0.963928 0.109359
0.965932 0.107792
0.967936 0.106132
0.969940 0.104411
0.971944 0.102661
0.973948 0.100916
0.975952 0.099207
0.977956 0.097518
0.979960 0.095648
0.981964 0.093718
0.983968 0.091773
0.985972 0.089856
0.987976 0.088013
0.989980 0.086288
0.991984 0.084725
0.993988 0.082632
0.995992 0.080159
0.997996 0.078270
1.000000 0.076966
