1000
0.280059276596466
0.479181086931932
0.423303054005537
0.253456040519017
0.237644563787060
0.336178311591640
0.408553342589027
0.301740123032507
0.220719832459325
0.272357341644007
0.520663789464207
0.238875582487541
0.133102732285564
0.494269056033268
0.506138739424539
0.166146836666527
0.513702058616746
0.224412125017423
0.487382026105942
0.263985973144108
0.404133819018106
0.103195522651019
0.433295314087304
0.261142465995179
0.292826309496461
0.233601757616704
0.307405483047230
0.467373122193512
0.243106353654668
0.389977623643918
0.322706701619168
0.227607792125734
0.525806567542910
0.498418939721768
0.518559801520258
0.322395967452705
0.673320810405552
0.233886237924144
0.528097993588863
0.419213997952468
0.408791613989579
0.685546907845500
0.745521685188372
0.455279800908663
0.473012431218067
0.280133548565533
0.310903804059162
0.378500743090731
0.262175104330657
0.406347412956774
0.395722763896580
0.716525271307231
0.228550794335595
0.357900534109445
0.615686095599097
0.407446574207279
0.366067117340166
0.009650473192327
0.608660457493410
0.761426757504435
0.743202869505215
0.415209373105877
0.263186558146245
0.620088334812743
0.483359581258191
0.472779195342358
0.291489579155493
0.398983669697194
0.246984409824732
0.310786711080562
0.625622595049034
0.696161885693944
0.426883914999010
0.373808963427114
0.392313391430933
0.867308532262278
0.482666050694984
0.491015468498421
0.432377954759930
0.521554758246709
0.344599281844285
0.477573592395233
0.503812968008443
0.245837488652038
0.334953046340700
0.509211191793341
0.648492332219406
0.496077794885043
0.560325796133609
0.295811134847469
0.310578409836073
0.444222049706039
0.360043979307891
0.507943122464975
0.158969915564731
0.829239760541947
0.632123877120504
0.581607790163244
0.012109308214425
0.277698468888830
0.455626205828669
0.582338439858703
0.449778874195808
0.083352016659150
0.456580452591434
0.418041692745049
0.434715997377752
0.387366128992734
0.298992614070849
0.383215226005459
0.354653360127506
0.664992525282585
0.398314168696211
0.447503499684605
0.307537446699624
0.298773617894065
0.431109827821181
0.323946192387806
0.188836302325581
0.793219579566057
0.463536346644085
0.489040862642197
0.340490430220881
0.495806379086608
0.342943545808902
0.393544833109025
0.399845816022074
0.806147658900304
0.431927984340879
0.484203635846162
0.197872613830067
0.259435571012847
0.380195871428381
0.505134711406852
0.718325857524119
0.330594384315630
0.406060363054825
0.402798235582914
0.290669813921751
0.529208743180159
0.138527543235635
0.496002318122656
0.218323634678335
0.366582587439729
0.972476142220924
0.336001869189773
0.609340089150066
0.326542832589819
0.272002783572479
0.372949710688631
0.469276729256014
0.240986411351711
0.300152622641963
0.571702469721227
0.470130743706702
0.573004947469154
0.437395140693967
0.389838584951488
0.194050428266675
0.392569840964292
0.339583391134867
0.693924503186458
0.459436521361966
0.432423851171810
0.891663584912647
0.370483376138288
0.495686016043189
0.280697150239422
0.214938991955096
0.422567659421622
0.436247063673456
0.340687804419844
0.566673472627459
0.856335884820481
0.341024236655721
0.468797143652087
0.425392712199540
0.657809481862778
0.368560890885811
0.475887805427280
-0.000000000000000
0.389450969350878
0.356330777563749
0.067987990034715
0.212881843811688
0.671239183232661
0.416942309961879
0.537025693062589
0.509211191793341
0.338942383780270
0.342170208824432
0.631754767866598
0.610119208798021
0.323376707305972
0.491990567382921
0.276583484832344
0.488373700511744
0.514440508317052
0.215376660363068
0.995779304364750
0.439007099180338
0.288421843276756
0.470413483954730
0.408820200464167
0.281996525183974
0.768218334591611
0.467088712739329
0.341545618519087
0.262753659945591
0.584445157128545
0.553388045618329
0.361737654646054
0.623783590140494
0.350181056368737
0.400976862576139
0.406481325633403
0.261465734509375
0.396318720867792
0.391631978186270
0.732720524296510
0.304483110642834
0.311670057379522
0.637286326942969
0.470447473952643
0.388784053620139
0.457621681562952
0.469916466226457
0.587530735115913
0.576088343748190
0.488110962397201
0.550600839475439
0.049997539766798
0.465582027583529
0.968079239853223
0.657222147898726
0.380831585298941
0.292840341371863
0.317159295426692
0.559416424300738
0.422651484634702
0.723367474779303
0.464639626397292
0.729066880980662
0.390027266851450
0.379292888297754
0.447618200618926
0.442170264218432
0.318184697393383
0.441890536071619
0.285891264049454
0.449856033257634
0.711933901542707
0.145101849823548
0.250686920800949
0.401989610290411
0.265449458356051
0.354174150741670
0.315798350496896
0.390979051007891
0.282848558054949
0.337223300282264
0.450474111685533
0.273509684184031
0.351183591056273
0.263618603472617
0.491817711695850
0.293400964031812
0.393023146601710
0.719353661881780
0.162585353337636
0.392678287100918
0.457762573874507
0.417337194637305
0.181977879302244
0.626289829328560
0.437928751948392
0.596034568902219
0.431679897357386
0.339560102532343
0.565051219240338
0.876672214267907
0.628977919481292
0.523697837029891
0.655295752341621
0.253645072965618
0.389828651488520
0.480779803376743
0.375519839968659
0.319683805016027
0.323302341329616
0.398440386492402
0.597733093123207
0.499746413314570
0.422129708242960
0.210121385248733
0.171699195631001
0.203499658225002
0.368230328259935
0.043284309020207
0.385811168529231
0.310474192441334
0.275280222701772
0.298280131256691
0.517238361457380
0.467285520082026
0.497080192713553
0.385760877424057
0.581149078477445
0.381413973004260
0.221075542012802
0.262175104330657
0.530751730647631
0.861201853456551
0.451297246309374
0.297579270184202
0.371645430930690
0.286339052042020
0.383063001639221
0.357470151290107
0.439247133881696
0.256860273612091
0.265163853729820
0.500949767931186
0.321760974934943
0.511142024150393
0.288464733942372
0.451083943422285
0.205266123737537
0.533834277162305
0.775298030188812
0.360492852283274
0.430152416661694
0.446587884912415
0.264209289550484
0.538615638484185
0.070172571470807
0.409886482396577
0.570621696662025
0.528695319194423
0.471438996036767
0.690123128942300
0.446027105807619
0.472651191226413
0.420402627133361
0.449345269843630
0.426226705367815
0.435724155768371
0.336072457379743
0.465765090470411
0.595239190084261
0.249089830291836
0.491301155289118
0.281052325953048
0.386122788484117
0.586558326071165
0.731778038077360
0.453744323561562
0.651781115355824
0.214372644294347
0.316575127848523
0.262593109827644
0.483780696150651
0.519042800673550
0.410010128049977
0.407857070343982
0.260185672356474
0.241702604587671
0.320574196167904
0.357149756245856
0.401362929608721
0.553834203328401
0.750083946987907
0.247617573620462
0.398760616854214
0.463620825771597
0.354140692534026
0.326322368254523
0.806462346126106
0.334527847860566
0.750761803487175
0.621551308445753
0.339128980984376
0.499244399522763
0.492453175641007
0.629081982709275
0.609875471816314
0.557464904990071
0.115855907668596
0.385005513125739
0.504207669918923
0.391305654372051
0.370779623485382
0.664323449979130
0.236828215771936
0.374498698047119
0.327324989071772
0.984776739467097
0.732120125424214
0.512768191861097
0.376599657767949
0.574536389357593
0.685680085365169
0.559854542360051
0.611390506034414
0.372151022526519
0.394311448338546
0.482639973596616
0.386474235641530
0.396474847977821
0.353157795018001
0.262014102822108
0.255787557339058
0.549562198461718
0.545957495158325
0.270811867365696
0.385670332528266
0.254022162963271
0.369932386119228
0.334042718507331
0.670925528643724
0.874498732982615
0.392027148445052
0.128097561546370
0.273402385144469
0.384611979953267
0.427669964413067
0.494862896975337
0.339920900334576
0.171359430805187
0.235251874728851
0.490376006241943
0.312019934617575
0.864909677337095
0.460565061129744
0.468165243787379
0.285645325183303
0.206907504036974
0.245654584571217
0.426689594841536
0.725574706173803
0.247978106953299
0.337305355367762
0.399971618738559
0.663656557159710
0.350969803304519
0.333509111906657
0.235430791127763
0.412638866768954
0.583973053548503
0.781537406385921
0.346109144744775
0.420355877303623
0.700667317148892
0.332855283585511
0.923574790555490
0.251284842499835
0.283507285948312
0.600420730209973
0.076875524702402
0.392579700974424
0.344851472091572
0.454441645833480
0.533163338831873
0.381689444342959
0.637232622254892
0.347827284624589
0.499088075456294
0.601996038636655
0.244920606077274
0.426587786079783
0.659225993813593
0.644919341408763
0.351768031754043
0.445884779263136
0.312601980858326
0.658989225126242
0.820892408874611
0.253799493675570
0.391612208930009
0.449991115387050
0.415680749968769
0.534486852820423
0.438066857166764
0.273218323034688
0.477388679703206
0.328274445163442
0.440514912706281
0.490376006241943
0.709395967694110
0.623325683934719
0.532310016890741
0.840359829132880
0.353839421608701
0.391552895014554
0.623478238341727
0.423005280754255
0.265893039055778
0.457974247306215
0.947030123228115
0.406921127543341
0.356131261781612
0.462203495415487
0.427494324793611
0.323376707305972
0.437827501535230
0.325770348154658
0.544832834607383
0.224197633562396
0.266335780125207
0.384723029033271
0.275006433042897
0.352978782616824
0.474854467519969
0.343944928991254
0.345869464510655
0.384914743326575
0.413821477379114
0.228013469231218
0.283521901470965
0.394458717889762
0.530202789096389
0.446112549185799
0.370006619833120
0.416584809913454
0.364947239184219
0.658162691035407
0.622970024084176
0.256442444256650
0.388355338115903
0.444740265360871
0.532758947884510
0.636321240012399
0.370038428369811
0.671490441042308
0.341823357697197
0.554311949122113
0.442356918546773
0.344587813682619
0.313453208330366
0.482587839575100
0.901456226294022
0.075371296265399
0.260526818920382
0.218853266506217
0.352945207349864
0.730586371899152
0.295172574918286
0.398964277911348
0.348451125174438
0.948541630371124
0.951843959643172
0.419747782289985
0.277352560331788
0.316765764722299
0.386745076166368
0.289377809533092
0.394399816113557
0.275036871573477
0.501557338520647
0.413348701796431
0.589008025738896
0.333924243311873
0.315798350496896
0.373798500188677
0.433469529746305
0.389112694717647
0.870143510245775
0.378583135119812
0.367600154205922
0.150635752747383
0.698691457285712
0.462904785174383
0.393564506992624
0.330209376614901
0.350699569836793
0.276281111292862
0.438573603616529
0.372561155108353
0.401353281813872
0.504603920962013
0.618330844553720
0.004919633565802
0.380503144685993
0.294155796322487
0.438951732059069
0.235826919104252
0.309285516171063
0.377561991374121
0.386444127434620
0.654136901235754
0.406863779328851
0.219846029916029
0.503944364306164
0.635306181207831
0.503599811565418
0.461215817828808
0.244053318265629
0.168554128283738
0.389441024800259
0.442861562696926
0.284963975696305
0.518791356946736
0.752225322790525
0.238894720701799
0.329171416969098
0.347179678988134
0.502346493013933
0.601345118805808
0.865563910498509
0.397886690771732
0.757718701448038
0.314865520916724
0.500488729558339
0.475393556167066
0.540676029903727
0.416283600081753
0.230408303108152
0.445989142402196
0.423405380043715
0.236652364258999
0.646308314945808
0.442310242276744
0.243124980690932
0.745802519060067
0.494150769034464
0.586356978882841
0.395497760743152
0.550398114759757
0.560767371937144
0.265084457007069
0.436852972276225
0.148601719643816
0.425809836252220
0.301374704909613
0.562647327997009
0.419616723460643
0.719115823128827
0.598819082099958
0.398760616854214
0.377737578537492
0.308577340195780
0.277186922166280
0.707483540864582
0.286050258213716
0.327312789538969
0.381505825042846
0.450686908184141
0.426522990782073
0.503632575738282
0.413206799359892
0.482770426460831
0.406280446135242
0.331302547930478
0.346428411083146
0.438711905722872
0.344576345103472
0.476494601207564
0.491846497562085
0.606490626358309
0.378377114065647
0.427392621460522
0.575508368378511
0.362543098184318
0.247238017792203
0.368251666201470
0.821061238294572
0.475960384142121
0.146927377204624
0.490361848032144
0.358517534288937
0.405667853594355
0.518946018405814
0.368198318416267
0.435192431753114
0.327788063321683
0.337457691705250
0.409639116799011
0.212233085464518
0.336178311591640
0.304269128590416
0.290570687428325
0.425541052210812
0.442833500904905
0.352542047831078
0.478654290339698
0.495310928295624
0.245526411763043
0.283039064558260
0.543399312107875
0.318966812007309
0.277728520740221
0.338919052058287
0.483741139477412
0.913671046198039
0.473140988272837
0.308353956713093
0.496836135985014
0.789055058043518
0.277277286624300
0.690602299885462
0.491745787893379
0.512404401612263
0.681580214362306
0.186570066231831
0.498109413340665
0.220284626326283
0.350226173676512
0.480447641385494
0.361988212307626
0.299115709690513
0.323091530488221
0.345458122953894
0.229499585328650
0.471404614777764
0.435724155768371
0.471887219451724
0.290896235256856
0.341661371119183
0.466381327365092
0.390047122150844
0.428547597601007
0.315210954202712
0.661728802798049
0.546178578102916
0.447484388167181
0.657750672792410
0.441657660886910
0.462287024611067
0.249944065463433
0.307893375295391
0.351217335153172
0.226560419167633
0.518907331128730
0.627733158225802
0.622057275580191
0.023497789061399
0.838982646447393
0.118559174119416
0.148473622946132
0.933501211540919
0.409220272150206
0.258944259300158
0.205224094609912
0.438924052081060
0.402413349754316
0.219221047863264
0.430548434083100
0.246548582895205
0.379857541409720
0.069836591948569
0.410732484873602
0.873628859540701
0.458065088030849
0.491186770867243
0.353917554321851
0.490319386878898
0.345446688465348
0.484548634504473
0.247599522727571
0.451394263059789
0.247671712425439
0.699537193860689
0.668866973240849
0.450522459571523
0.415152784248644
0.208973111333706
0.423693661267741
0.400561486863414
0.623325683934719
0.219430139368461
0.511626958587415
0.131541513386585
0.369327190882485
0.474651725939518
0.292699986716084
0.475393556167066
0.489264346565761
0.629029944649445
0.088608127665086
0.387296070036874
0.675166551775017
0.423033203165172
0.484468910424683
0.412184145813285
0.269303045934035
0.753011951596726
0.262689454035410
0.284091135556033
0.447819058734287
0.284222284384265
0.309337890061928
0.305962193551470
0.477351746313231
0.391097848257559
0.266604179829450
0.323004679884601
0.351453453358721
0.323426273665618
0.235152298499854
0.283039064558260
0.468320049972290
0.741738326365658
0.436751954951401
0.278253727898443
0.309167632868372
0.417083370394843
0.321598878078755
0.294086000890824
0.396348000686754
0.452824832077211
0.591691437848011
0.175443455948135
0.125057956625435
0.333663388731025
0.425883964936239
0.470685773272921
0.340792250622071
0.297345190291968
0.413282484669664
0.454058307915169
0.294699528363222
0.443254787568003
0.228839671950230
0.376672196805443
0.298005529557663
0.324292270906999
0.478093546352404
0.726979409040045
0.381036061522641
0.302496272505058
0.470356863160894
0.461464604281632
0.524545494481365
0.440811762134086
0.727228526021123
0.275857066653837
0.203982432062867
0.519100915219664
0.555696255042315
0.406758627316503
0.417844517547051
0.598955551206166
0.464405321132338
0.439644509289322
0.503632575738282
0.307313063916442
0.305736280864697
0.240171939338484
0.487272498953299
0.842154658889510
0.329944304477261
0.267155821339861
0.376941474847916
0.255972656265034
0.492120431105258
0.250616366390856
0.237314982934880
0.191412875798095
0.721750723297498
0.262448512808188
0.491186770867243
0.312886045713144
0.454481004283075
0.407656629172485
0.801752041842946
0.248624752166238
0.589132169056519
0.277201985639218
0.448297968096484
0.372140498532334
0.434450287346766
0.926730509657399
0.259108216809126
0.353537885489632
0.397410127218202
0.334480561873632
0.215549505338360
0.135068168781017
0.836659547166859
0.270718813559414
0.343956420602339
0.691841767435084
0.471622597176367
0.906102295010292
0.391552895014554
0.364537016037276
0.378191578203426
0.267092840583355
0.287734488051837
0.434734320593086
0.444297351914073
0.448941206650075
0.234451654759900
0.347656968887697
0.306823951117817
0.221954420540532
0.287834857214286
0.457883480786011
0.715132048122764
0.481100314358295
0.426772881632227
0.545297468654565
0.270873882644136
0.676898668542241
0.464490465486765
0.652067003346641
0.522194906102407
0.443170467228362
0.409819893713717
0.017321774487677
0.258451254592924
0.311488446924149
0.284571626198483
0.595019289179902
0.445297540821042
0.747689253210148
0.335106451996316
0.485429987294905
0.308196145499815
0.304228985219242
0.431201811158511
0.605391022855466
0.235787396555361
0.473457378759892
0.724426629323504
0.259288353933991
0.476178506250999
0.464384045298545
0.482809595210848
0.461578795994337
0.316968953251976
0.538412166932059
0.292081465813590
0.344633683824848
0.300859473889122
0.403423122308636
0.733582135128726
0.454451484716416
0.516593349080203
0.417177392041586
0.424130473670422
0.263714498228769
0.897782000889922
0.446274039517877
0.489586577138142
0.505668701243293
0.375582244250217
0.304402890236589
0.461081263318078
0.310174314843319
0.376485632036467
0.793981787981141
0.454776441077514
0.216256750285592
0.296903942385889
0.940815421717897
0.457551302146099
0.696302104817726
0.398896400518036
0.433570382831870
0.293204890670455
0.462705510852395
0.378036880227497
0.541355861747319
0.452473719198533
0.461963659166658
0.408009744301206
0.491043996103596
0.701800659766946
0.497893378774202
0.231322673162944
0.367963471972917
0.375467826344398
0.209198866705147
0.661429231474306
0.410086205383216
0.488678874167410
0.490489352931504
0.681908585349503
0.354887148320220
0.260039219986287
0.413235182425435
0.292222177599942
0.669550937567237
0.222622617588641
0.369486577478829
0.364537016037276
0.416895282357249
0.348428457936791
0.478529350417349
0.581569483461331
0.635626324194839
0.378933060701637
0.364763786007194
0.435458248703213
0.411928218200306
0.564657750409376
0.379467520406892
0.507822652397024
0.469042192856646
