500 1.156313
7.000000 24.000000
8.156313 23.958885
9.312625 23.885017
10.468938 23.852608
11.625250 23.935863
12.781563 24.428770
13.937876 25.358677
15.094188 26.010248
16.250500 26.103016
17.406813 26.143518
18.563126 26.144478
19.719439 26.118622
20.875751 26.078672
22.032064 26.037357
23.188375 26.007399
24.344688 26.000000
25.501001 26.000000
26.657314 26.000000
27.813627 26.000000
28.969938 26.000000
30.126251 26.000000
31.282564 25.999878
32.438877 25.997061
33.595188 25.991104
34.751503 25.982807
35.907814 25.972963
37.064129 25.962370
38.220440 25.951818
39.376751 25.942106
40.533066 25.934031
41.689377 25.928383
42.845692 25.925962
44.002003 25.927561
45.158314 25.933977
46.314629 25.946003
47.470940 25.964436
48.627254 25.990070
49.783566 26.032509
50.939877 26.095421
52.096191 26.173126
53.252502 26.262247
54.408817 26.359398
55.565128 26.461203
56.721439 26.564278
57.877754 26.665243
59.034065 26.760719
60.190380 26.847326
61.346691 26.921680
62.503006 26.980404
63.659317 27.034595
64.815628 26.989664
65.971939 26.905594
67.128258 26.893696
68.284569 27.066261
69.440880 27.489449
70.597191 28.048582
71.753502 28.595240
72.909821 28.980999
74.066132 29.049881
75.222443 29.030811
76.378754 29.270678
77.535065 29.591265
78.691383 29.920097
79.847694 30.133734
81.004005 30.256416
82.160316 30.411575
83.316628 30.710526
84.472946 31.112028
85.629257 31.421881
86.785568 31.777163
87.941879 32.170906
89.098190 32.596138
90.254509 33.045895
91.410820 33.513203
92.567131 33.991096
93.723442 34.472603
94.879753 34.950752
96.036072 36.149410
97.192383 37.480877
98.348694 39.003593
99.505005 40.662640
100.661316 42.251598
101.817635 44.000656
102.973946 45.984032
104.130257 48.197269
105.286568 50.097023
106.442879 52.206657
107.599197 54.445038
108.755508 56.731033
109.911819 58.983509
111.068130 61.169872
112.224442 63.940559
113.380760 66.600998
114.537071 69.299622
115.693382 72.184837
116.849693 74.847214
118.006012 77.271942
119.162323 79.809319
120.318634 82.695549
121.474945 86.166840
122.631256 90.456474
123.787575 95.580818
124.943886 101.276405
126.100197 107.264099
127.256508 113.264740
128.412827 121.215851
129.569138 133.740952
130.725449 144.892700
131.881760 157.510437
133.038071 164.260757
134.194382 170.159775
135.350693 176.751389
136.507004 183.494690
137.663315 189.848816
138.819641 195.272842
139.975952 203.725311
141.132263 210.594238
142.288574 216.938507
143.444885 222.590042
144.601196 227.331268
145.757507 230.112671
146.913818 233.139282
148.070129 236.357056
149.226440 239.711868
150.382767 243.149658
151.539078 246.939636
152.695389 251.379944
153.851700 256.025391
155.008011 260.661224
156.164322 265.072723
157.320633 268.790588
158.476944 271.478943
159.633255 273.967377
160.789581 276.328369
161.945892 278.634399
163.102203 280.957916
164.258514 283.371429
165.414825 285.942413
166.571136 288.651123
167.727448 291.444519
168.883759 294.277313
170.040070 297.104218
171.196381 299.879944
172.352707 302.559174
173.509018 305.249878
174.665329 307.949005
175.821640 310.519409
176.977951 313.042206
178.134262 315.598541
179.290573 318.269531
180.446884 320.991089
181.603195 323.663574
182.759506 326.448730
183.915833 329.292206
185.072144 332.139618
186.228455 334.936646
187.384766 337.628906
188.541077 340.340973
189.697388 343.132996
190.853699 345.835724
192.010010 348.462708
193.166321 351.027405
194.322632 353.543365
195.478958 356.419373
196.635269 359.726837
197.791580 362.925323
198.947891 366.089050
200.104202 369.207764
201.260513 371.441254
202.416824 373.599518
203.573135 375.763611
204.729446 378.014709
205.885757 380.433929
207.042084 383.071594
208.198395 385.092987
209.354706 387.211731
210.511017 389.418518
211.667328 391.704132
212.823639 394.059265
213.979950 396.474640
215.136261 398.940979
216.292572 401.449036
217.448883 404.001221
218.605209 406.691132
219.761520 409.503845
220.917831 412.393005
222.074142 415.312164
223.230453 418.214996
224.386765 421.055115
225.543076 423.786102
226.699387 426.361633
227.855698 429.232330
229.012024 432.186462
230.168335 435.035767
231.324646 437.744019
232.480957 440.274933
233.637268 442.592316
234.793579 444.659943
235.949890 447.547180
237.106201 449.671295
238.262512 451.541016
239.418823 453.476532
240.575150 454.841949
241.731461 456.266235
242.887772 457.731293
244.044083 459.219025
245.200394 460.711273
246.356705 462.189941
247.513016 463.656677
248.669327 465.224487
249.825638 466.854828
250.981949 468.475189
252.138275 470.013123
253.294586 471.396118
254.450897 472.551788
255.607208 473.935913
256.763519 475.519867
257.919830 476.111725
259.076141 474.896240
260.232452 472.800690
261.388763 469.848328
262.545074 466.210876
263.701385 462.060181
264.857697 457.567993
266.014008 453.774292
267.170319 450.374908
268.326630 446.728149
269.482971 442.266052
270.639282 436.420685
271.795593 428.624146
272.951904 422.149292
274.108215 415.453003
275.264526 408.013794
276.420837 399.979279
277.577148 391.497101
278.733459 382.714874
279.889771 373.780243
281.046082 364.840790
282.202393 356.044220
283.358704 347.538086
284.515015 340.110291
285.671326 333.476318
286.827637 326.686035
287.983948 319.795868
289.140259 312.862152
290.296570 305.941193
291.452881 299.089355
292.609222 292.362976
293.765533 285.818420
294.921844 279.512024
296.078156 273.500122
297.234467 267.839081
298.390778 262.585236
299.547089 256.376465
300.703400 249.584061
301.859711 243.763184
303.016022 238.665695
304.172333 234.043472
305.328644 229.648392
306.484955 225.232285
307.641266 220.547058
308.797577 214.484314
309.953888 207.922806
311.110199 201.416550
312.266510 195.046661
313.422821 188.894287
314.579163 183.040543
315.735474 178.310898
316.891785 174.261917
318.048096 170.398071
319.204407 166.681198
320.360718 163.073135
321.517029 159.535706
322.673340 156.030716
323.829651 152.520004
324.985962 149.778519
326.142273 147.256241
327.298584 144.800629
328.454895 142.387543
329.611206 139.992798
330.767517 137.592239
331.923828 135.161728
333.080139 132.677094
334.236450 130.114182
335.392761 127.448837
336.549072 125.100388
337.705414 123.115784
338.861725 121.026657
340.018036 118.854500
341.174347 116.620773
342.330658 114.346954
343.486969 112.054520
344.643280 109.764931
345.799591 107.499672
346.955902 105.280212
348.112213 103.128021
349.268524 101.064575
350.424835 99.111351
351.581146 97.289818
352.737457 95.621445
353.893768 94.127708
355.050079 92.762131
356.206390 91.591644
357.362701 90.597427
358.519012 89.753029
359.675323 89.032021
360.831665 88.407974
361.987976 87.854454
363.144287 87.345024
364.300598 86.853249
365.456909 86.352699
366.613220 85.816940
367.769531 85.219536
368.925842 84.534058
370.082153 83.734062
371.238464 82.894493
372.394775 82.362930
373.551086 81.800255
374.707397 81.209175
375.863708 80.592415
377.020020 79.952675
378.176331 79.292671
379.332642 78.615105
380.488953 77.922699
381.645264 77.218147
382.801605 76.504173
383.957916 75.783485
385.114227 75.058792
386.270538 74.332809
387.426849 73.608231
388.583160 72.887787
389.739471 72.174179
390.895782 71.470108
392.052094 70.778305
393.208405 70.101463
394.364716 69.442299
395.521027 68.803520
396.677338 68.187843
397.833649 67.597977
398.989960 67.036629
400.146271 66.506508
401.302582 66.010323
402.458893 65.550797
403.615204 65.130623
404.771515 64.162216
405.927856 63.253376
407.084167 62.670025
408.240479 62.310360
409.396790 62.072586
410.553101 61.854904
411.709412 61.555515
412.865723 61.072624
414.022034 60.407879
415.178345 59.686825
416.334656 58.923714
417.490967 58.131271
418.647278 57.322224
419.803589 56.509296
420.959900 55.705208
422.116211 54.936607
423.272522 54.305893
424.428833 53.675175
425.585144 53.044460
426.741455 52.413746
427.897766 51.783028
429.054108 51.152313
430.210419 50.521595
431.366730 49.890881
432.523041 49.260166
433.679352 48.625870
434.835663 47.975533
435.991974 47.314156
437.148285 46.648716
438.304596 45.986179
439.460907 45.333511
440.617218 44.697689
441.773529 44.085674
442.929840 43.504444
444.086151 42.946728
445.242462 42.329075
446.398773 41.842468
447.555084 41.414436
448.711395 40.972500
449.867706 40.444199
451.024048 39.757053
452.180359 38.892563
453.336670 38.105885
454.492981 37.176941
455.649292 36.143311
456.805603 35.042572
457.961914 33.912304
459.118225 32.790081
460.274536 31.713486
461.430847 30.720091
462.587158 29.847479
463.743469 29.133223
464.899780 28.606401
466.056091 28.247513
467.212402 28.021566
468.368713 27.893665
469.525024 27.828920
470.681335 27.792437
471.837646 27.749319
472.993958 27.664673
474.150299 27.503609
475.306610 27.231230
476.462921 26.910086
477.619232 26.659548
478.775543 26.375185
479.931854 26.061028
481.088165 25.721096
482.244476 25.359421
483.400787 24.980026
484.557098 24.586939
485.713409 24.184183
486.869720 23.775789
488.026031 23.365780
489.182343 22.958183
490.338654 22.557024
491.494965 22.166328
492.651276 21.790125
493.807587 21.432438
494.963898 21.097292
496.120209 20.788717
497.276550 20.510738
498.432861 20.267380
499.589172 20.062668
500.745483 19.568186
501.901794 19.542122
503.058105 19.851629
504.214417 20.000000
505.370728 20.000000
506.527039 20.000000
507.683350 20.000000
508.839661 20.000000
509.995972 20.015888
511.152283 20.052767
512.308594 20.074062
513.464905 20.042669
514.621216 19.971504
515.777527 19.905619
516.933838 19.825289
518.090149 19.733200
519.246460 19.632034
520.402771 19.524475
521.559082 19.413210
522.715393 19.300922
523.871704 19.190294
525.028015 19.084011
526.184326 18.984522
527.340637 18.882734
528.496948 18.774775
529.653259 18.663326
530.809631 18.551071
531.965942 18.440697
533.122253 18.334887
534.278564 18.236322
535.434875 18.147692
536.591187 18.071676
537.747498 18.010960
538.903809 17.932310
540.060120 17.939432
541.216431 17.984571
542.372742 18.003937
543.529053 18.045134
544.685364 18.074062
545.841675 18.018255
546.997986 17.946779
548.154297 17.867479
549.310608 17.772570
550.466919 17.665537
551.623230 17.549866
552.779541 17.429043
553.935852 17.306549
555.092163 17.185871
556.248474 17.070494
557.404785 16.903404
558.561096 16.656158
559.717407 16.394638
560.873718 16.046371
562.030029 15.835430
563.186340 15.629471
564.342651 15.405540
565.498962 15.168277
566.655273 14.922318
567.811584 14.672302
568.967896 14.422868
570.124207 14.178654
571.280518 13.937187
572.436829 13.669990
573.593140 13.394192
574.749451 13.116155
575.905762 12.842242
577.062134 12.578815
578.218445 12.332237
579.374756 12.108871
580.531067 11.809672
581.687378 11.456216
582.843689 11.186326
584.000000 11.000003
